0.9295892680819517 1.1811581386719148
0.8420135019307005 0.8086127798243856
1.1924266465229807 0.9999105003485115
1.2420737107492026 0.9527913742419307
0.9322784403498372 1.1180780627384455
1.1715411377919431 0.7582210765342074
1.0802464094921393 1.1688974874638167
1.10600999818391 0.8352562874385947
0.7564862997394051 0.8205536441860813
0.8950665443659799 1.1297280578359066
1.229355454442119 1.216252833348717
1.1362926410098186 0.8596735099153654
0.9352286867656692 1.1033096410323948
0.974857573476207 0.9423936193300633
0.7603353283560541 1.0416722186777219
0.9895406084120891 1.0092756628516306
1.1379280609375115 0.9176632667073119
0.8194695187037315 1.199681332242003
1.0631213353811715 0.8689817669821043
1.201376357723461 1.184655310829986
1.1392008337261936 0.902450191287639
1.0149783848898992 0.8486144564500754
0.9341510738678851 1.0616008185390176
1.2208596839116772 0.8184757092768062
0.8672318090298194 1.1291733577124143
0.7794519190640238 0.927793189371561
0.809833770792085 1.2380394371208268
1.184793681157513 1.2019377524062311
1.022862564959579 1.0719654521401902
1.103078464277544 0.9499666151770937
0.8222912789592781 1.1318199931640704
1.0976417943564414 1.1999231748667643
0.8748991311203309 0.8046859892510193
1.2469259940379718 1.026194732642694
1.0972359509818286 1.2470469849517105
0.8435735761129555 0.8427184773251966
1.0188714378856738 1.0769719381113618
1.2322126323980866 0.9617115142138888
1.0590904561263201 0.9287004521148732
1.1186977202203665 0.9892025863524485
1.0393491348018118 1.1811714703268477
1.1640298942830778 1.2481327911056015
1.1439157510635094 0.96926225398698
1.1192990151288438 1.0001474372160735
1.1874117513872442 0.8999414040855522
1.0199158266899953 0.9075658039806629
1.2171798177714703 0.757947331636454
0.8846537880483754 0.9123835682788072
0.8288464168787182 1.0942351185151538
0.7613860049453742 0.8913560614912359
1.1392628356742462 1.150620530380414
0.8979199735882295 1.2104193374103847
1.1383384123457738 1.1007419362335074
1.1426728927684813 1.033449077475217
1.03786305178128 0.8177521620901561
0.877623866591245 1.1235671718941929
0.937321972089402 1.045748557688666
0.975212935513954 1.239586092922335
0.8569903927799832 0.9850084622708738
0.8303963908000658 0.8083379511981019
0.9468213879094847 1.0646015811695635
0.9297019874087888 1.048210407970498
0.8491074620714804 1.1995105824249945
1.1275549792019117 1.175752658831421
1.2160647080220628 0.8819334282931798
1.124518037602499 0.8370098989446298
1.140160956131561 0.8890617253161537
1.239412484177656 1.2477324720081713
1.1894474585540566 1.014077588430236
1.0799639023005188 0.9086511274493476
1.181296270412415 0.9206578011452273
1.136949928921145 0.9148124794718824
1.1284245122864542 0.9527863181926443
0.9894076778037552 1.0908565589351062
1.0049147400445428 1.1392714432394118
1.20997591384948 0.910595554495541
1.0581349311615327 0.8395868571250202
1.0456741743274047 1.1149845696951615
0.9981051624856274 1.0178815574507687
1.085554164710341 0.8902070578568582
1.0569582493274454 0.9648936100484863
0.9091722566210083 0.8323754019402037
0.7707789781996113 0.9339703587099162
1.2116207044548832 1.1290043544173365
1.0453949689696125 1.004917650665511
0.9129308641909515 0.9886141168678753
1.1623630322602596 0.854003243883722
1.0637417209543503 0.878451153042078
0.8570054194505828 1.1275939153375276
1.0440710681419696 0.8292152930698393
0.7506784469319898 0.7925574737515881
1.0425001886461371 0.9031866523424933
0.9038506666104048 1.0301856767583881
1.1152322617669663 0.7837635672090266
0.9834137389539688 1.1397763083107364
0.8473702292591327 0.7754198522470186
1.0543640981015079 0.821898237882949
1.1666098811690317 0.876154498228264
1.109206914901503 0.8752432865172807
1.0717686235500044 1.161811288789927
1.0105034947560965 0.959262105673399
1.1172276051131602 0.8257448256240354
1.0833509230282574 1.0658321871777394
1.2053895970566422 0.8971154822365595
0.9268141705461219 0.9057206543197139
1.1655806465168128 1.0031974995175656
0.9265800840813087 1.0811714318964407
1.0977942591628809 0.9450186787302052
0.8507654042779175 1.0343641369781804
1.1809705948216158 1.1843180612282487
0.8439157637512336 1.190725652749534
1.1055645602052966 0.9976196450133586
1.0813068536609787 1.1922670976127905
1.134875442268192 0.9477120107042463
0.7810427719998824 1.1940000562316884
1.1964974840648421 1.007642052079694
1.202186033562528 1.1589157367074754
1.0494936716063943 0.8321593062905073
0.8487582188342885 1.1458758679214198
1.0330871584430183 1.0880361633750288
0.9552919831528446 1.1468428306914618
0.8848622738688761 0.8296526785985588
0.8081697856875555 1.141191531596779
0.9177150871471429 0.8819114099790155
1.2057988921079197 0.8065376735294356
0.8198295741211722 0.9660691783682
0.9190577878490609 0.7840066352564403
1.1431284481758988 0.8169578695464941
0.7572886239864055 1.0237489890317082
1.0386553161404624 1.2271431500694217
0.9897546504577106 1.1170991623119328
0.9904785434612814 1.1875790461437932
0.9296531255117262 0.9630018872442586
1.1624868432814746 1.0376948483473674
1.0617023098816012 0.8562657828762512
0.996238125450825 0.994836876383251
0.7510808001180889 0.8010675380811354
0.8395926583618134 1.0106027257945802
1.1191482258176988 0.8032435490115832
1.1890017818513012 0.9553951634276425
0.9159065533252354 1.0554936943759463
1.1982228302047502 1.0278487174232374
1.2367162420577884 0.7551256550533382
1.0063851853094534 1.185376005378949
1.1510829784616343 0.9589670154027056
0.7825123722819554 0.9273940090644979
1.1041511333420577 0.9834028509699697
1.155971601360363 0.7855125232168458
1.032184977771955 1.2194512107886721
0.7566410619480374 0.9757046491128846
0.05968931932529081 0.30308402158465997
0.41198610048922696 0.1049814648330985
0.37294255492905715 0.026399207107892897
0.09538832117808443 0.37734189466958923
0.2043353447889198 0.05397736935412217
0.2102395995917763 0.11945247188918684
0.29322061733642096 0.245523695585337
0.14361001134107737 0.24473155480743486
0.16164633436900933 0.3925119458630217
0.2524986396731022 0.22803377066934216
0.4330119739657182 0.23332740760136683
0.13515786409247083 0.07189367584050588
0.3801148817635318 0.07256080354740146
0.02747882383538125 0.27840793856125967
0.29862802473454286 0.4325115934460119
0.4069449868430709 0.2690061597486443
0.3608607948624983 0.2652575795244827
0.20666235683048811 0.1793697896474386
0.33364020973345376 0.36117435418387916
0.31236598466634186 0.12602458600692645
0.2791186210809238 0.020851394995127948
0.060694085155155786 0.34165713172109163
0.47550361696634447 0.10237193265278632
0.29185006995583546 0.3093549259686807
0.013415040369658016 0.4292135376062886
0.1863351759329258 0.14672952853771892
0.2554186911170845 0.46147803519451036
0.35488021774296774 0.10481654909230587
0.3491177351265612 0.28694444421805576
0.23751845771848895 0.10680357681142416
0.21548063655890087 0.3848317145839863
0.10050937049497638 0.09431763311020414
0.47835543820943327 0.3087928098207279
0.3230585373353906 0.13262832574556244
0.0835970071949641 0.0715990914097347
0.22339173089456538 0.29584572325616504
0.48560671075813183 0.17744643678873945
0.040573247282806424 0.47893607967502466
0.0033282280146605947 0.43762843727563977
0.4218005488654721 0.21532446187095733
0.12277776673262003 0.4275296544249357
0.030774964401582672 0.2084565080024779
0.36877589918402714 0.3162254801146901
0.31231745076205625 0.2281104033642813
0.4685349395735418 0.3736691648623298
0.30914247842569936 0.0699861431506163
0.22576029870988107 0.3719198404015135
0.008501347597207998 0.14718236400537715
0.287864333432387 0.3512621875772776
0.2118844902402589 0.262780449508318
0.2487766943986301 0.1301407516826088
0.24910347998910637 0.35048978474232667
0.1181069698528836 0.24263959620544429
0.15240067022765486 0.31618611922623624
0.2239443062957865 0.05344650588392397
0.17284974031742945 0.3671490669203752
0.09897698260839322 0.45343305085847685
0.4768106878185782 0.32360507019067397
0.29903386935841475 0.40505232470372626
0.025923708175977722 0.2930719127462975
0.07024524290826734 0.061744075378002417
0.13823258169056313 0.07169979469634219
0.3879100060988048 0.43117801240370635
0.0763239284657048 0.30327684957189305
0.14710726407249813 0.44985058106085735
0.4778261062694026 0.41265318329165385
0.07664795533913715 0.286540394845535
0.09487183888756417 0.024698788041214892
0.2684757986752629 0.3265928161742285
0.4207063489663151 0.480041737326885
0.02250199014927634 0.04348104087427995
0.031120625891315368 0.22665288093143804
0.0968524691354904 0.23275852283056903
0.4555307163010328 0.2054790512418439
0.1391160685522525 0.27940236886047776
0.2728756744582793 0.46700365546286815
0.26259335899804137 0.20209525387353516
0.27379048381054627 0.24187965671300488
0.1554691166452099 0.1647402253228636
0.21263394482484638 0.37745644123522354
0.3313261927625652 0.10743426750851476
0.36004986076265766 0.07853966068550916
0.17232269030298958 0.22482225591913824
0.368294145652772 0.13163822426271538
0.49902101673295773 0.12526848128668855
0.13692187488682583 0.3306863645922933
0.1039916158686377 0.4044892470062235
0.4012944036814074 0.21051445608241837
0.24488607375045385 0.4654820964251642
0.037976711809391606 0.34275411657823424
0.1498165429766517 0.44077951240047186
0.4474537628872853 0.1397522749870571
0.4380704286229406 0.00029931099001723194
0.06878961958375224 0.02651900036698196
0.16533908075770876 0.3829038203361439
0.19603469714897248 0.3191669229021586
0.15945523645324378 0.3968882357755229
0.03507045524634239 0.0016936267615106915
0.08254035207187843 0.13276758314125348
0.08879966559188557 0.1884302169436905
0.28677604671907375 0.18202181721144667
0.4105325837341013 0.2614171574811134
0.4935362087780756 0.44256610807843844
0.22542668277089734 0.15443974228869983
0.15992952746672268 0.3562410244019561
0.43896987677796095 0.07627665135254075
0.43109103968091916 0.03311615563852677
0.08012150838901227 0.39924774389743745
0.05132658682700747 0.4193596502411566
0.44856993076426754 0.16263739507107428
0.343017303390459 0.416091357686243
0.3572921414829676 0.01744652246081313
0.43830219223929623 0.07426771457460218
0.3817228640656243 0.1768556853506436
0.12146119857392401 0.4346392486395863
0.27930304747124196 0.4235171531057633
0.3179820815930816 0.46353899730935044
0.10763734975936756 0.41732042666725044
0.19901085221660164 0.36314051028469924
0.44700981128889244 0.46300196904133806
0.4483416909501846 0.050272114281485314
0.15885359505115276 0.2907717838368298
0.1727580088027908 0.19247730985938083
0.4737357063646167 0.1299221035227669
0.13204690170682648 0.46197983960980527
0.4333499818083939 0.14565152795094993
0.4208394014418145 0.056118381476225
0.4467995495433142 0.15616197832574918
0.3350974677926076 0.033447713530772416
0.39215362774047297 0.20246297663416885
0.06888170577207375 0.37559672482097006
0.07311445615744627 0.17410522558835606
0.18257458232846951 0.30349030063581967
0.12712542260786086 0.05397866585737843
0.09333725841611429 0.030408663422895443
0.1541021949873782 0.24311359955450867
0.39248737784137694 0.3806431845901943
0.18525340529689788 0.12338301882762276
0.08375955337834118 0.4135276555849338
0.039838500953468525 0.08495399403605591
0.24534113840566069 0.47540557900922953
0.01175284242128355 0.36160454717912305
0.46846636456537705 0.2580147414622963
0.24207687739600103 0.4065996341563368
0.1302794088250464 0.12784162661332688
0.05320151024219422 0.4818139429371478
0.4082019292967213 0.2810396324143167
0.29538908421529725 0.05537046331587542
0.4284046648400778 0.20559229081770802
0.16063754291403948 0.3043966421656604
0.4508791621863963 1.649619132210216
0.2976687841809924 1.7482250309475607
0.1474042147633614 1.812337076649588
0.021082053761821984 1.5998243584258711
0.030403775748489237 1.5175783228633568
0.3059607779502055 1.6518694200811528
0.016147637433622075 1.6040095838988546
0.44393074369326246 1.9650151281692616
0.1500477188940722 1.6061311591441485
0.20616649659981728 1.5853696502354977
0.43386403459848705 1.9153022867312228
0.23757155079781989 1.8338729069400814
0.4508695393418698 1.6529492003054724
0.10265352110625914 1.7456540411767052
0.27564807066829095 1.7303362117250745
0.015419483287355096 1.9515332141694115
0.057720117723258746 1.980637293895299
0.384596416457135 1.546120419372755
0.12072869414146842 1.565070726674458
0.054969173843706975 1.8553425574395181
0.037689034137403654 1.8363577013900538
0.4667736330397703 1.5543140104247057
0.36325590872718055 1.6561032702180634
0.006759559030527773 1.7442281794799772
0.3098335389290628 1.5048734612702326
0.27729893253700216 1.7790630065037798
0.19676179600731508 1.8971145872203734
0.20859941204964155 1.6924328584559911
0.04289474246272146 1.9637178484387667
0.4299390919308637 1.5459206671919772
0.4182806891464088 1.5189224899247336
0.476491514078316 1.6788810090680186
0.44009038708973464 1.9576874562169269
0.21714414030389856 1.8044666394540982
0.19515578659138183 1.845501437828994
0.27516897318039757 1.5819672432158276
0.32627372682284833 1.9169963329376432
0.276003408188837 1.9530269251857904
0.1636234614163431 1.6995333188064756
0.21656360804672503 1.9147091893867783
0.4010795484926539 1.9199877134187084
0.036339853844019665 1.6906713674431655
0.4891302630164556 1.8943436620977856
0.42215681586437154 1.8727203802510723
0.43137623326641306 1.6290577134944582
0.06794195556858834 1.9215636827191
0.24843446193356022 1.672907600829831
0.04410104001013626 1.693444663364605
0.04243352769656922 1.6932098431022709
0.29545376898822984 1.79217182018172
0.29014670657752856 1.7338387651367126
0.08368424411558051 1.5525917244345107
0.20173004991919485 1.8183512201487173
0.06436571917742429 1.7613009614874777
0.2072866040576512 1.9488356520351426
0.3329216570105969 1.8687746251186172
0.4623016662776189 1.9789321097453976
0.4229777595966658 1.572727565616743
0.202889544720745 1.7904800166824664
0.22974663831993858 1.7231188852673855
0.03701686961903161 1.6717780343919881
0.03898710111658793 1.7483596749751467
0.05573734862719015 1.981777699107854
0.20963225805355756 1.5811309310752795
0.15819686361962942 1.7003211284538848
0.16934029090390534 1.9874610364609842
0.12581394121576128 1.7011990416804499
0.2095735382607976 1.9756628699889842
0.2920511467314798 1.6116913768529526
0.35466601437677714 1.9181777490938923
0.2716138348743399 1.6931269454543902
0.39433231704445093 1.9517303180027987
0.08002776305608389 1.7863813831155557
0.21230256268231518 1.967404539632522
0.2703605227129544 1.9543404698127995
0.41935085066619837 1.5542683291840942
0.29284466186965274 1.8693778054179733
0.4424082200447093 1.9994039208454022
0.1224299784252813 1.7246985409971696
0.21937873427988835 1.8898679222981905
0.29928167763132957 1.669253766868889
0.4003810530174533 1.9424423903448838
0.312017996773133 1.8110521299712743
0.22111281185780374 1.7503200686062708
0.09538752593109795 1.9015716234696103
0.24369634571760262 1.6599426063408378
0.09816756210643696 1.732867279515398
0.49096034641992714 1.9661323750688382
0.214558858371112 1.5941257800985618
0.4699644911373335 1.9299273477835817
0.2246509972478382 1.5522571969468073
0.051694411227302006 1.665110668438272
0.09803874256548128 1.6855499654094686
0.18096505743951152 1.6878423312882913
0.1158661734523258 1.7639086517025169
0.453930783173651 1.755923008932212
0.06266025152166993 1.6691584942544941
0.47339119647375466 1.6797194159377473
0.4255425912723686 1.5463966280179475
0.37175792450536777 1.8136280761399308
0.49388160810484144 1.98374844727245
0.3437223187684706 1.620650684365344
0.45113914431645724 1.833883145364733
0.4330116137637949 1.8072667376836868
0.04503753525529908 1.9355811633984108
0.3033056938310936 1.967554803607798
0.04761765202516588 1.5301051773969765
0.3786809206398484 1.9328681698377674
0.32668824683154907 1.8653938134059667
0.48789673275402357 1.5938149279402514
0.3067058785820977 1.505004413663364
0.2859633380384013 1.676977347847803
0.22976424029372405 1.7840091941644332
0.009983609289762663 1.7248908746080334
0.06135239276671106 1.744835841325635
0.37300183838500517 1.8549934110637434
0.26906244078904984 1.9101528306844664
0.317831923590862 1.668468413569556
0.2562083587392114 1.8937106558838488
0.47707907063869187 1.5184456603022298
0.4569914121340875 1.787883253130612
0.18229084993212724 1.661566972009074
0.014186673375546244 1.687445334810762
0.19374137345157416 1.7728290261156812
0.4031306633971444 1.5409845605744434
0.4151942922370387 1.6952059260656225
0.31750120314348473 1.873580734914837
0.3341054388999952 1.5940646226171034
0.3119473075496585 1.7832996361964177
0.2463992027809267 1.5788058712110975
0.06657697603282292 1.5506768390676569
0.4471053723979824 1.8674698726817862
0.45391572085852805 1.6364408429244506
0.1822268781804941 1.5565756341351307
0.15707009989554077 1.8046228966467701
0.04966151450188172 1.7604077724630733
0.22794075279716547 1.600181795297636
0.3582072514480422 1.8992817543893237
0.07077260503686533 1.522368363674175
0.015758401244341913 1.7986321616391423
0.04132110296240854 1.5656294296598137
0.4551406286931836 1.5211412920758451
0.32899994045854297 1.5124552897364942
0.45851366607914806 1.9914200383098861
0.4528538742893263 1.792909442190635
0.4385150858491649 1.6579303475829297
0.1642486134628191 1.5020176260417015
0.4397264592090527 1.6225553574240963
0.04253430854684537 1.5088106934784868
0.4369893601513671 1.86749227633287
1.7312130672155208 0.2766853173880343
1.9550006462837373 0.014278638898481466
1.8676315970846913 0.3477232067360655
1.698212640880822 0.1671698946893792
1.8814278971631362 0.15021190730041328
1.7102186588368045 0.43410283106559905
1.8317210819664003 0.017168053630419677
1.6474387268600441 0.16714257310680058
1.9437048649259465 0.32457944741254174
1.820215991093732 0.23246123805898206
1.526339989115394 0.18049582220782429
1.5680390189780198 0.19745769937347674
1.6100429486229049 0.18927109719120289
1.82300994699854 0.05868464116615335
1.7094970659744573 0.12414215918155208
1.8554522304239032 0.2398556216497723
1.7800867566794245 0.22619234870775368
1.5813726736837341 0.004874739066914657
1.7010872373089956 0.3569539250400742
1.750910651985375 0.309954242231346
1.585981215860604 0.31623643710818305
1.8270078218319064 0.15588978219013838
1.6198224597752877 0.05021725209490557
1.798037379289644 0.040269560445757135
1.8920254257372116 0.0021093184344006533
1.5218218488929673 0.4804425233742035
1.597682145505195 0.4640599221504611
1.5338722101187476 0.1301540468410921
1.9859080553276292 0.24263170068910678
1.9114182364794652 0.10317689141639697
1.802849572639938 0.45039194707802105
1.9526731538874207 0.10181617143723815
1.5971624964671076 0.27835541514812223
1.684788945011855 0.23157205020500454
1.9544496711615664 0.3741243398624547
1.6614010994221677 0.4062653317348554
1.9367369647157202 0.17543397446035947
1.831568760149405 0.4573759889216787
1.6589151586202453 0.4131552890456863
1.937430330890871 0.055499835149876
1.5398938523324137 0.3050239342536733
1.8858831241006797 0.081427947188355
1.5032337879152096 0.32425865662994025
1.7162604228046476 0.17532227554528734
1.9400501991307095 0.04094798010587847
1.5260854265356136 0.3087427829258239
1.7271556233121017 0.4970538872152649
1.5120564792481688 0.08415357974961035
1.6065611487951441 0.04195996153600878
1.9363181503765876 0.32876362503823653
1.7393841153911747 0.28000038987332815
1.7089463317429634 0.28288828442319525
1.5111378798550534 0.12017439346803194
1.9798682662739906 0.1480686656975841
1.7217843663176233 0.1454066843358412
1.8852498614315816 0.06278875200980072
1.6769678902935286 0.3781483973226792
1.591905657185882 0.1147590219718308
1.9780852666152087 0.14703937099671394
1.885010015753004 0.16720326182420853
1.5467304040882603 0.0970645013946177
1.8871983672944768 0.01629232469949765
1.5085804830385139 0.396735115797286
1.7947510749391604 0.00633444336759581
1.7439487153469453 0.3702450147323914
1.7722134372806 0.2150306000882355
1.752700433793953 0.44340030741151665
1.8982040649288667 0.055232807341449086
1.676752295397352 0.052619584719001744
1.5787915043775806 0.08571152137588683
1.739095444603149 0.13650842649832406
1.6627481129084158 0.33667870371784137
1.8363174908537645 0.14562151992852723
1.9806882811784114 0.06516005461706942
1.733720601629341 0.4708628873142334
1.764466531994261 0.20118396839897829
1.7371476284525502 0.39663216611976976
1.535203810863194 0.12173898060477795
1.7353115819080758 0.10762946976842958
1.9035069978854084 0.20140912900128272
1.5550721633565172 0.4966578897494745
1.876853989815508 0.20666979509710376
1.87125328834228 0.18699352758635257
1.5778503955112808 0.4489661343903124
1.5800827045681043 0.06537618798063011
1.5895314884076706 0.06282983685753973
1.5433289513084112 0.32336556698202196
1.9608091191260386 0.0579524113535525
1.522187645933453 0.45107698280819347
1.8215470140132766 0.097666238716208
1.9821040580876053 0.10216439698684915
1.9520184014768072 0.34638938185227314
1.8313316949199234 0.40231622709284565
1.701110246355314 0.1967662143680649
1.652415283958577 0.19625511726532602
1.6533387711704985 0.10978481999327272
1.923643102302547 0.051519329633142597
1.741531503795434 0.15015000554533187
1.5103121164085058 0.045808778501540415
1.8969651566336725 0.3513633277139358
1.8641052328395178 0.2126402463240324
1.795773662452489 0.21543308636320502
1.649207195260161 0.25292725572446684
1.7270379984116566 0.1460126720636829
1.6548571030508448 0.18136457627733904
1.547746529346538 0.3460035463682301
1.6071984607517162 0.2103506856555316
1.6027710798562138 0.18866358617565948
1.5266680807468838 0.07351884278809256
1.8318553515652618 0.3809751889774406
1.533034488079228 0.22204780519144485
1.9725591631881814 0.48340361804387927
1.886976830415712 0.3260040606281264
1.9017176028294684 0.22092165248408668
1.9714560412961835 0.22840431080407647
1.5125061766096453 0.27147588927196264
1.997581821197193 0.29948603012674896
1.5270627314918586 0.22170132694210132
1.7464407040583891 0.20653099992788804
1.7508751620710985 0.3429784239073609
1.8163602490551427 0.29439574877384467
1.5294112147111802 0.24007417244300533
1.8792625088908117 0.32958587571938336
1.5042635045751342 0.017652058385128566
1.561257826304213 0.14870475436613878
1.6160701197490264 0.1548465986244602
1.779175371286761 0.3850210649751369
1.9035691659924692 0.30512573347249217
1.9807974464636364 0.36832661850987497
1.7333969062334367 0.4063502559380944
1.5786580768176175 0.37368210755097964
1.9220575493440428 0.274805601327344
1.9881736927948468 0.0025825456831579108
1.8587118097734723 0.08600263572809058
1.6710570006359777 0.4691601735257081
1.7983303031999007 0.14545214279998564
1.8005549253911144 0.30802419467417713
1.6088073455457432 0.2593864876822071
1.903842134727481 0.19640735377644664
1.7508949007221963 0.36919576861857806
1.925417578395932 0.1846265925535362
1.588194481151592 0.4943288603716257
1.7773343960598669 0.19330662142476307
1.8145857993626335 0.20640128159763743
1.7061629390288189 0.45961691311915737
1.8744011727818852 0.3065458816590037
1.9321401067793187 0.2101856427258773
1.6869778719019182 0.347150760261659
1.961731831792514 0.19541043153457538
1.7934458593087488 0.22963470775377942
1.5012955084883692 1.624360308522846
1.587797556787323 1.8102073026596925
1.77791673929651 1.6227637316440064
1.638047763533924 1.604372159005309
1.5603450071719296 1.5480702755753468
1.5934570239061516 1.763767263121964
1.8382941086195088 1.9960502050773918
1.9911567818713205 1.8250668449571492
1.5672752808192925 1.936732333585766
1.6413234330330904 1.8634977467409515
1.8784013529768488 1.6287047854238403
1.7149948601563365 1.869492856863275
1.743918452302945 1.7008494242473498
1.894572829250444 1.6699383190513828
1.9017945564816967 1.7654933585743882
1.5907849158527623 1.5665863980069674
1.7668541748025528 1.9844204249208843
1.8764320863022517 1.7646552709562946
1.7018745266357014 1.657277404158026
1.804024962650712 1.690476061313231
1.5575464968270367 1.8503458490385079
1.8094589412499864 1.7211946803633706
1.9767372696999215 1.8034991972798065
1.7716541908473475 1.548675969339469
1.6460093835733007 1.8695701780567417
1.7545995224316933 1.5073268259540586
1.9237166527322667 1.8991153383635053
1.9034878990972477 1.5666163948774723
1.7713269746381362 1.7632058894059397
1.938074216384624 1.5794053863690918
1.6879330109140538 1.9496784843551462
1.5511770666999722 1.6018957637630709
1.8120945443268108 1.5028723923169893
1.6989112116991607 1.6746962585910459
1.6650739789986437 1.584076299398541
1.8769660046075094 1.830800365733191
1.613070036087035 1.8131562797296317
1.7299782374743753 1.9240832480298575
1.657420659605248 1.6645258583909701
1.5488851923246751 1.883976706651583
1.6208910271671428 1.8661896749719347
1.9269984844899117 1.8557875948256428
1.5889161678355705 1.7833621396942818
1.5777666017547907 1.7693686274574663
1.969287207730731 1.785995031272688
1.9039794880508398 1.52955714489155
1.705617538546257 1.7724936282803354
1.863694172556399 1.63379881139125
1.6556093189645937 1.7679614264458265
1.7700752091475769 1.5190135851427484
1.9722570389721816 1.8683387474679716
1.9840864202471171 1.5118363062325848
1.5835419668792379 1.7157530134996875
1.6930235265699158 1.7341689286620452
1.6403917512150907 1.5601822683857638
1.791847173934173 1.9071642048902557
1.5488027665089144 1.7975108507815691
1.5416954268666203 1.84600947810821
1.9233893445622123 1.7717787414119077
1.5830379477775007 1.9439928273176876
1.6847702108590934 1.5219821612038031
1.5427114443097223 1.9451160549660482
1.9222602388227932 1.911757978903191
1.9161009673877187 1.8274694319639533
1.9866193591829748 1.8221877267236255
1.9816388186028542 1.509355434835602
1.5899845397220524 1.859596455985271
1.6795740760046234 1.7401151590315465
1.5196129336722404 1.5893136038823017
1.5734516168061805 1.6766309981284404
1.8088045003848232 1.5962159712525668
1.984230350437123 1.5976129521993616
1.918465857378203 1.8783522208502283
1.892374430935408 1.8580013350257774
1.6771758594542028 1.5269891087658995
1.8166490484984992 1.9724295970988297
1.6407232775827327 1.5451332497662222
1.7374281417935018 1.766523538147451
1.9308177351607774 1.6713027771891233
1.6155664708437267 1.8526912209586586
1.591174655261588 1.9902452651999762
1.7123816490426815 1.875443924182371
1.64028398224271 1.7759461060618351
1.765568144520375 1.596756895951084
1.5450669619497277 1.7614876449554109
1.9938089086288717 1.8574685127217336
1.9913156980635331 1.7578176480706742
1.5864500048562817 1.8700196473242123
1.6655451381812725 1.7883490291050614
1.993641295227237 1.7112806614432192
1.764099663382105 1.7917868783209463
1.5100974714996949 1.8646587067632523
1.939745848718054 1.9821078608238205
1.659842564160024 1.9006678948112476
1.7214959860742933 1.8747929356755795
1.564009421217707 1.5508133950384932
1.8599526434991682 1.528908722624768
1.8211961191631667 1.662121370511018
1.67346363499556 1.5685642039569576
1.6807347706421083 1.6668055387589864
1.860632556810916 1.9892549974017735
1.9950048656541945 1.981698524103655
1.8218133675070407 1.7631257306299757
1.6898885519290299 1.9358350926003203
1.6014779707216062 1.6119270391698868
1.9253546462166515 1.8393668911824417
1.5905846044067278 1.5703410280823578
1.5402292088133358 1.7341684227349037
1.7822270250992658 1.7829274524968262
1.9742241829658285 1.9261097229979645
1.9710088188313222 1.6983719239352655
1.6183411885328078 1.968419009616838
1.689381668452663 1.5846155384338236
1.830949281402602 1.7039404340339357
1.5551194325882933 1.8122393173056666
1.7787434498251276 1.9406575718618062
1.8607927471192474 1.716057002249367
1.9933755899055754 1.9373719726717413
1.8729678987907254 1.9104837496732523
1.861251674633328 1.6516607246032382
1.9159062097819526 1.7102386825173679
1.9113297168228183 1.9450526701660995
1.6011478729417061 1.6444448072265592
1.9433753783154804 1.616408109533874
1.9126806029052152 1.9003105473298927
1.562621617240456 1.7691017427826665
1.749965495681309 1.9602009846784503
1.9319397462946097 1.9633193816112908
1.713754266243872 1.7301744287657375
1.5623171826950175 1.6632538859454333
1.5781274120591735 1.5594935414515008
1.818226642778578 1.6404645048657942
1.7414218971022084 1.7103082130962983
1.7574124717099466 1.6579678250667178
1.5201957249107163 1.7285043604395267
1.9497706937288815 1.7749606909337055
1.675117212309939 1.8322488489179711
1.6652893741038015 1.7547148810061375
1.943793940244023 1.8337070027332114
1.7344306445417257 1.6631373910342082
1.610056100282214 1.9249016647458594
1.8695466515313153 1.9277097546840827
1.6414937752851368 1.598137182350345
1.8635017793093227 1.618585506127365
1.937871712071067 1.5908053531533535
1.984196329830141 1.5511206032297156
1.8129061977753742 1.6007226226162814
1.5347484955637016 1.9993481175511825
1.6690641602837277 1.8150674614486484
1.9000785739076496 1.666859289922804
0.8941663231990298 1.6268874673279197
1.3903574472088693 1.5134534181153116
1.4172980734761484 1.0731985137601663
1.6325158020827077 1.6072980164235748
0.7502889420224266 0.09696126664374005
1.4225473330991547 0.7058760680935436
0.2751233733512668 1.305043469080618
0.3271515179376403 1.5392519512676035
0.8181770143763438 0.45541007158886804
1.0876798687675393 0.0756810080382504
0.02899527142068692 0.0021580366467610634
1.521271960441827 1.800188215511574
1.35642329123699 1.7105475021047933
1.3601524866389945 1.2797976523346732
0.28572759969836414 1.7787763801682885
1.2715636232003285 1.1104773252817473
0.40673367863965293 0.4054430301151988
1.9516801491939855 1.5968938349748707
0.710536975175049 1.5962651200858502
1.1737042956266108 0.20622971164343928
1.2555419819689129 1.3250012999293885
0.1938201706336211 1.8684051774467316
0.028842129669335748 0.019911661768935662
1.531410652053519 1.189641829452377
1.3801584543678345 1.2407227316118354
0.6215829339746952 1.9283187727352888
1.9531024705337376 0.4594244242871106
1.9689653539781344 0.26170821765145624
0.08163331779437732 1.9599604168434943
1.0473624800320775 1.041584451264328
0.7555936277401689 1.6301121751715908
0.9967531113183576 0.35719414805451244
0.07157691114713916 1.8750517321410078
1.160978753373411 1.7259013415346898
0.6635130325307881 1.8801378180305315
1.8214872614045172 0.4430065329699753
1.8613337120851932 0.4916656161838622
1.181587407207806 0.6538860794155175
0.45826271789281714 1.5782137835474748
0.7020958218347149 0.17422824711248164
0.1477810317187056 1.215631132900201
0.4749225867640381 1.1899622653307969
1.8141383695140458 0.45859442827599217
0.38489588437306455 0.38975203410508774
1.4757635785315983 1.9849716737268501
0.8680873934161772 1.5788688431852786
1.9348008907095424 0.4101325494516199
1.4958949090877898 0.9333932013264903
1.5502902909022833 1.2492386667401771
1.2771015354183244 0.2318127779623207
1.2784647753507614 1.0773284586141774
1.398641676270647 0.7962489407965703
0.9015887532671996 1.4978435515680926
0.4028172121937543 0.26333640853186147
1.885651638319535 0.2674807823400056
1.9141058119861236 0.41076458618796874
1.8120516006165934 0.6718260944361436
0.9227483321564856 0.9769369586132917
0.8306743223409441 0.19413976337118233
0.941007913172615 0.11895062139666024
1.848002160725681 1.4638984794761616
0.08111969958222742 0.932513457098596
1.6491846283242533 1.004186277968282
1.7019654998805185 0.49225933245747955
1.352742239603719 1.9276229713697577
1.5295952843882956 0.9796292157461668
1.8351702046071845 1.7681725015057557
0.07869025072646307 0.4981248818901587
0.19938304618700253 1.1318741977388407
0.7637919281661063 1.1498908050420127
0.12742024493038917 1.6152757581747568
1.8434423294979025 1.3799293955032856
0.16316885532267444 0.5491642151056761
1.1385447368706771 0.3995015178195793
1.510402488203622 0.2855536777778238
1.0679492786232265 0.3690263344035787
1.9687950219559012 0.07305010700461367
0.3859767560198091 0.22618585928327084
0.25450005987863933 1.5229106889230337
0.8283990817132032 1.010996125686977
0.15959020532833135 1.1885972217139689
0.4194060974996219 1.186128932693662
1.309736097608108 1.004304236832592
0.8975207737368649 0.9491877069825205
0.2635509184431486 0.953829330913909
0.05682252190768544 0.7238228281094081
1.831343130712957 0.14888720471095263
0.14824671663837274 1.8122486329837435
0.9909661287559426 0.38307591804602126
1.960643158157473 1.7655943619891268
1.9856693363345563 0.21493053838987186
0.21991300566469074 1.15574660281209
1.4868226690840125 1.899266687839774
0.7134133841072272 0.2755192410180718
0.3329958517238536 1.0860679297979579
1.2665152597633094 0.7228184319039461
1.8709199382298656 0.3042447867545335
1.319438269646292 1.072925730085145
1.4751857230080812 1.598855844971956
0.007688200543942703 0.002583652012003723
0.4408367291381259 1.3104894297636114
0.07567898143900154 1.0400901237632298
0.38236027851103316 1.105041982470237
0.42360017345732404 1.8804239744169469
1.254554468616356 1.9273759917764821
1.3004809939875446 0.5567808864831634
1.570032322108467 1.1654266474956418
0.16091930437184798 1.0290480783716112
1.2087102412094286 0.8741141539653963
1.485736488326203 0.9486839817449486
1.5161605901220283 0.1466843897395842
1.2872128701340775 1.2335949369682035
0.6950902518697677 1.807866076028776
1.4033050140864063 1.036943651744849
0.8686235728946572 1.1660365577383267
1.7681601065629369 1.8268129875913128
1.1290025045829408 1.2886748914962107
0.04274096473715505 1.4224818174983862
0.4064778027637108 1.433923974471563
0.6097815087010168 0.041760621226892614
0.0007206108601045536 1.5985061941201715
0.48116557318520803 0.4155030219327873
1.684665411665963 1.8214299719070852
0.8639148198586954 1.941888675691947
0.7279713929204987 0.44545312772757506
1.7563827123075595 1.624074866427372
0.04248168080787584 1.8012159851091365
1.8498797579281512 0.1279591680426302
1.6486658613981182 1.8068269763099207
0.39279213814929004 0.33914258422759835
0.7109919307042842 1.211769423044594
1.7660823021642555 1.2976426747414636
1.7697660625674105 1.1215168181933368
0.34170169000326656 1.6726123342496813
1.7013679259758507 1.3721035970475621
0.37952410607451736 1.0803052404741973
1.7273899460377236 0.40315302890922666
0.2208365447434142 0.9536705716944043
1.6710534814030857 0.7621503427122169
0.6569839031362055 1.0674988896734325
1.3938009770733764 1.835705346005233
0.8823753702267518 0.5704054360554351
1.411971792824474 1.399897719420056
0.9795106519814201 0.19010855414755623
1.0549103295779623 1.3827261784760978
0.5126492564957366 0.6897202789649428
1.092234130954394 0.6724682145583778
0.22192528958062696 1.8161268396146777
0.7795625098561689 1.3444251802996439
0.3900348742196116 1.6824028119896492
